40811.8
815.818
245.072
431.67
772.908
22.1163
247.848
456.568
69.4084
376.667
7688.66
686.61
90.2488
346.532
173.532
275.961
326.362
402.406
56.2282
553.998
1046.14
359.603
52.9727
77.4141
319.014
159.658
176.616
200.861
203.793
234.487
234.569
87.8286
416.255
207.548
305.635
347.684
181.094
400.323
356.433
348.488
377.433
111.832
222.191
612.15
94.2488
56.2418
284.773
331.58
389.068
302.103
98.9156
224.067
419.749
342.02
301.716
242.344
160.775
172.138
170.637
109.079
77.8205
256.767
507.641
254.145
348.967
164.874
389.247
255.72
224.999
82.3268
99.0264
105.185
243.994
388.706
105.204
190.144
219.333
84.2059
42.2403
224.48
143.387
320.079
314.654
173.917
264.297
134.739
164.072
339.832
271.681
290.668
250.15
224.016
205.997
58.2265
64.618
326.571
155.549
287.86
197.982
378.957
331.822
573.7
272.383
262.767
349.18
146.311
92.5485
266.32
241.422
221.971
225.444
274.63
227.766
139.267
344.771
539.783
161.327
215.838
404.013
76.0593
403.078
166.898
189.095
258.016
336.398
416.334
174.073
270.128
266.717
155.945
111.961
205.808
65.7529
185.907
193.115
196.518
156.469
401.96
358.948
549.198
220.169
82.2885
360.343
291.166
213.825
259.074
425.339
189.555
26.8564
160.4
82.4791
45.1944
17.2684
283.339
45.8328
127.111
514.745
232.204
279.938
190.368
226.648
235.317
175.901
161.696
150.213
168.704
114.433
238.621
274.09
328.324
251.116
213.779
131.139
301.49
68.4886
187.987
168.269
358.516
70.2613
264.937
260.948
315.491
147.22
340.326
268.678
201.47
84.6709
49.5875
276.544
146.494
264.23
228.928
227.155
358.994
117.092
143.281
103.058
347.606
50.1127
210.651
133.674
524.858
245.417
126.361
129.47
421.352
148.226
145.626
351.869
280.519
242.573
275.153
191.681
192.394
116.896
133.66
145.292
201.288
54.5243
205.55
458.808
173.143
87.5692
260.585
81.638
172.459
126.943
50.3907
164.802
130.181
74.5593
99.6935
332.899
182.419
181.858
124.794
545.858
96.2389
111.588
289.213
387.684
238.778
408.274
299.594
314.191
307.709
57.2438
294.17
58.9839
241.89
157.153
124.825
200.252
99.0298
100.217
220.21
336.377
136.098
174.785
120.821
172.864
56.0537
130.3
93.6417
124.356
165.172
173.826
238.154
279.715
333.105
229.102
125.026
155.779
189.901
208.919
213.893
193.466
186.895
256.51
277.864
183.959
128.839
268.939
119.822
302.302
80.1152
311.031
373.986
97.6743
278.669
228.851
102.065
171.329
171.096
88.1478
138.034
266.319
235.646
340.072
169.652
29.4777
77.1692
307.32
175.884
100.864
126.989
272.713
244.927
228.283
131.44
32.2356
167.84
197.897
234.36
244.543
81.9576
159.132
209.718
140.002
227.334
290.761
77.958
65.6866
87.4786
128.489
214.16
17.7783
196.691
133.212
175.066
136.344
99.2423
132.387
188.157
149.772
175.776
249.858
105.478
343.299
74.7801
314.147
186.444
230.303
208.145
400.929
435.831
148.847
264.088
210.984
45.0665
160.061
125.333
78.0891
364.105
385.067
211.116
168.592
76.2442
337.939
208.368
39.0027
128.252
359.652
97.5508
44.0291
99.5715
188.004
279.199
144.148
111.616
165.546
298.076
165.849
47.4666
208.877
130.869
113.658
42.2064
298.507
157.249
172.157
188.894
216.161
188.378
175.483
244.729
32.699
283.056
134.997
217.343
293.438
264.782
159.289
253.622
114.287
261.148
396.408
132.698
196.341
103.35
72.1357
90.6704
142.009
270.285
139.007
252.55
123.44
195.712
328.708
35.7312
344.224
264.765
74.8993
280.486
242.336
294.865
138.56
376.642
344.936
109.835
303.095
159.989
88.2087
74.9179
51.5817
97.6285
164.446
474.236
78.8583
431.739
130.918
143.939
162.119
116.577
275.326
138.67
108.706
76.8546
284.744
112.622
158.908
188.139
80.1622
163.913
215.836
167.888
190.848
103.649
190.331
113.802
263.091
428.328
37.0306
87.1229
104.114
192.608
209.233
253.995
137.325
126.616
305.626
301.814
62.2879
73.8138
43.256
277.354
158.584
153.782
215.197
77.5491
47.9611
189.536
46.3842
309.099
138.478
292.311
218.803
136.886
302.903
20.1365
191.781
336.46
144.752
116.277
128.207
148.231
177.461
282.683
248.931
239.439
200.958
229.663
141.114
293.676
47.2277
42.0232
87.1737
241.26
141.507
118.853
164.874
305.868
92.2326
157.78
308.817
91.0418
144.242
106.795
220.359
106.355
442.651
152.664
180.382
193.328
194.479
226.345
145.483
223.668
264.68
54.0926
95.2257
262.965
187.909
156.486
160.599
143.882
205.346
138.216
200.383
211.657
298.304
144.791
288.421
280.282
202.115
183.252
201.452
323.078
275.831
160.056
84.2128
131.641
428.32
282.023
189.214
168.683
150.454
79.131
281.818
248.696
145.521
344.97
261.51
186.605
153.714
64.5459
48.6341
88.6769
179.395
246.2
397.944
178.542
175.572
212.241
245.883
134.778
206.989
188.474
116.936
156.637
163.37
132.921
160.847
88.7623
247.475
118.766
257.245
309.035
156.501
86.782
164.319
48.9795
65.6193
137.845
257.186
252.409
251.375
162.111
156.02
106.854
101.598
58.7802
1.73627
196.211
97.1064
133.024
294.651
225.563
182.378
279.918
191.549
71.1977
185.819
142.624
68.6638
218.495
22.2566
246.764
237.066
87.8495
237.98
79.486
112.87
108.994
140.374
114.526
210.115
122.302
235.757
229.413
20.7622
37.3178
21.408
87.4874
117.998
197.764
156.349
243.537
202.153
171.958
136.585
68.9724
238.857
23.6811
210.551
132.512
227.277
87.8857
234.631
101.531
133.959
80.8716
77.6568
10.0237
160.747
36.4938
275.431
365.898
211.407
203.107
171.455
215.716
181.878
146.468
52.4029
304.179
145.507
118.62
100.608
124.055
137.319
132.215
225.375
157.104
379.542
170.017
237.958
105.926
58.2088
132.517
240.566
113.479
184.725
165.687
67.9819
223.174
17.1727
188.659
121.37
84.6716
82.3207
198.926
110.691
154.912
91.7696
82.0485
323.618
145.351
115.454
103.905
56.2962
127.914
365.907
62.3552
178.447
137.326
112.972
129.578
283.133
83.7679
174.13
307.762
43.1261
165.42
176.328
82.2716
268.136
96.1838
154.565
80.2619
225.166
43.8558
172.763
126.846
98.4725
75.0706
168.191
128.696
226.065
116.986
181.712
157.424
85.1026
147.802
122.036
183.089
212.997
187.229
144.196
88.2636
135.694
70.6973
148.829
61.9946
140.819
154.052
31.0533
114.492
148.049
102.083
189.936
154.763
126.382
68.9678
18.3003
127.806
316.411
356.894
421.996
153.386
86.0428
238.417
60.3302
117.47
239.774
52.3555
157.505
47.2864
133.303
123.585
57.5036
32.5722
171.764
24.4999
163.954
11.6876
177.534
83.881
225.052
134.492
152.257
224.18
221.285
156.878
124.019
25.4216
90.9479
143.961
137.244
47.2736
115.912
197.648
97.8253
83.4731
136.962
66.3589
143.209
86.9582
172.107
72.9401
80.4508
183.011
237.472
138.589
157.495
26.7459
45.2198
92.9183
184.043
86.0987
181.015
118.903
207.757
136.16
202.881
82.4199
249.146
94.3653
141.912
76.7671
114.161
61.3104
98.6736
195.476
214.097
336.278
104.052
141.323
114.716
129.71
123.556
93.494
96.6044
158.764
251.116
51.1069
166.223
108.726
94.7745
241.773
200.338
249.402
58.4431
210.053
154.212
113.063
84.71
107.035
78.2048
110.571
60.3689
193.459
94.0092
219.928
135.095
179.564
423.813
147.552
93.766
191.806
45.1417
118.649
145.801
43.0471
224.996
196.713
157.088
280.73
221.175
155.221
18.7509
169.216
219.389
138.279
280.203
64.7163
127.978
228.244
127.609
108.453
122.318
51.0995
123.662
174.377
162.05
25.5169
106.139
150.824
242.708
186.164
90.3164
77.5191
246.148
153.22
138.985
182.372
72.8298
37.7795
83.1735
122.493
110.185
62.9807
74.5615
34.7574
71.9469
200.193
111.947
78.8702
85.819
85.0814
41.0127
97.4264
89.3352
43.5677
140.308
82.5407
29.7425
79.3945
141.388
41.6126
41.6059
125.779
103.143
180.926
193.661
165.533
104.466
174.782
152.57
135.662
140.172
68.6408
124.637
268.727
114.61
87.1194
168.32
112.608
119.874
247.358
8.77676
177.179
82.4635
117.066
113.576
222.174
110.527
156.555
213.263
40.2608
84.7561
105.947
126.452
206.524
98.0313
174.821
88.7165
98.5689
236.862
73.0009
131.228
150.192
221.109
97.3598
114.176
74.9932
97.4565
221.008
96.6759
82.3481
155.021
49.6312
76.4048
86.1583
80.0142
128.785
32.2386
77.0049
78.7341
204.68
94.0813
126.15
93.6781
97.1125
86.764
160.618
88.2461
171.71
32.2631
138.838
35.5091
41.3053
99.8699
229.007
125.582
146.7
133.85
226.524
61.0815
330.542
80.021
122.374
109.894
79.3418
62.0277
92.2272
131.634
65.2292
213.484
73.6014
68.1411
49.7276
58.7225
63.9888
197.792
20.8313
133.297
55.341
117.528
173.469
100.667
118.519
27.154
67.5437
100.746
97.344
100.224
95.6097
170.573
114.366
64.4284
132.044
111.537
91.0803
119.678
98.406
190.053
80.262
101.003
87.6057
73.7722
207.397
127.976
41.3634
92.8674
73.3719
22.6387
50.1299
18.7768
70.3455
65.3616
265.935
130.351
195.392
76.8931
156.252
261.093
238.855
135.737
180.988
41.8833
115.251
32.4353
190.247
21.9039
104.561
64.0749
155.236
73.945
90.5863
35.0795
126.157
56.4921
160.912
152.854
155.706
120.225
169.909
67.8004
110.105
50.6816
72.8173
164.139
92.3473
196.892
184.238
44.1132
96.8588
206.624
133.044
87.8766
106.652
108.142
139.061
117.207
64.0015
39.5847
44.081
138.931
62.3016
30.2166
93.1578
85.6681
193.77
106.98
77.7916
108.555
64.63
26.9046
119.201
93.9369
89.1292
71.8149
125.002
151.759
72.339
70.4961
95.2459
44.7554
144.93
43.5817
46.5503
126.894
128.125
107.867
134.247
120.35
102.675
18.0993
74.997
58.3833
116.798
156.213
102.437
74.0436
150.597
44.6895
67.9987
78.0811
41.7005
81.5231
171.88
78.857
49.1808
135.023
86.8776
275.454
125.549
118.372
117.773
48.0008
142.882
136.73
72.4829
135.927
83.9502
219.334
66.0372
210.61
23.5499
109.092
86.2068
145.246
152.544
69.5865
143.323
66.2533
92.0941
66.1476
99.2328
106.954
35.8036
66.5655
115.443
20.4945
13.1474
87.8611
65.8152
98.5382
35.2935
42.5632
210.19
132.031
141.44
63.3323
201.616
238.568
216.462
169.335
38.9525
99.8875
55.6351
107.619
208.849
109.351
77.2199
102.135
42.8671
52.0848
95.2728
82.8264
68.778
110.661
134.794
107.627
56.98
177.848
113.449
50.8791
32.5696
53.6384
196.314
46.1889
66.816
32.82
57.4286
171.912
138.215
167.403
106.982
141.424
59.6123
35.9998
82.0936
98.2414
80.0777
18.3492
57.2448
74.1763
157.566
54.4174
104.561
72.6435
109.172
51.4081
76.655
226.824
151.158
101.963
26.914
83.1111
229.484
59.1335
79.4533
38.0709
44.8245
166.638
128.378
92.9799
139.311
87.4678
96.3848
80.0568
85.0741
110.922
139.328
84.1313
88.289
55.1894
83.5166
51.4129
120.259
121.218
54.872
88.7944
100.3
151.189
114.261
74.9992
34.5396
200.917
99.3707
88.6801
155.446
23.8115
21.6451
69.5789
123.829
65.7379
136.466
65.0806
8.96836
115.285
191.86
53.3079
36.3857
48.4619
44.9724
132.988
87.6484
111.294
71.0927
148.841
137.003
87.5002
88.3876
75.9971
63.5426
41.053
29.6967
59.3872
102.091
38.6353
82.4523
129.821
158.519
40.5893
66.6301
104.691
170.117
80.7602
25.1338
124.621
119.897
119.572
105.327
47.6303
75.2091
98.2885
43.7032
78.8619
95.3903
132.321
52.8132
62.8397
122.557
144.032
191.558
32.4775
97.7253
26.7058
40.3645
146.36
157.34
16.2192
117.362
137.299
51.0901
63.4141
59.0693
141.245
96.3856
56.2493
22.991
61.8555
113.713
116.767
74.8288
67.9893
55.9461
91.3006
24.3104
94.467
117.059
110.497
36.2103
103.207
81.2172
116.997
37.3559
163.846
66.0836
141.899
25.0916
56.5018
2.28822
92.0274
13.4121
55.5724
53.0229
84.3133
122.014
121.36
31.9673
89.9697
111.894
24.1709
126.596
27.8246
81.8214
91.8037
33.6827
114.803
37.9409
37.2608
43.539
67.5816
111.615
68.4291
55.1008
76.8057
144.367
54.3851
64.8361
80.347
118.554
91.0253
172.849
163.198
28.1549
100.503
124.152
162.179
90.4494
94.643
57.1551
121.437
139.485
52.511
47.5165
162.108
91.2782
131.799
20.7388
71.3708
43.2042
149.858
55.5411
92.2265
54.2063
38.4791
71.9629
61.1349
101.9
47.1086
162.752
114.88
72.3879
175.605
33.7925
19.1166
152.197
16.1844
83.8066
65.3291
96.7099
56.7772
65.4863
121.321
53.903
169.747
41.8713
188.232
47.7995
70.7144
177.7
154.535
49.7115
91.7689
111.31
37.1963
41.5766
124.188
73.4105
86.3472
73.1205
96.597
78.3217
22.9343
50.2565
39.1737
67.4341
132.732
124.373
56.2452
157.561
55.3769
126.637
14.6568
43.6279
22.0928
82.8453
145.025
66.4627
97.3557
94.3162
18.6176
22.7114
78.6952
137.32
17.0683
60.3872
112.519
100.575
173.45
43.9409
124.283
130.843
64.0224
168.368
102.43
73.2524
92.039
141.259
39.7953
76.5283
18.5525
52.5217
21.5666
107.28
73.9352
93.335
30.2782
92.7657
44.9742
105.224
18.7754
40.6898
140.401
17.3164
69.8061
203.217
53.2822
85.5048
22.1256
127.197
119.565
60.3687
31.2434
121.772
73.3627
82.334
60.2219
58.5038
100.796
66.4383
45.0821
81.1392
47.7017
104.142
38.987
125.82
47.6257
151.066
100.313
111.496
115.023
35.0211
39.2511
64.6486
53.1871
53.5708
18.1564
57.0392
141.296
159.14
149.621
109.446
99.6553
99.0204
119.802
71.1269
79.0773
120.02
103.664
39.9576
186.951
48.2514
39.563
34.8218
95.7653
73.7292
63.888
61.0355
111.001
40.2939
189.399
52.9435
84.494
90.1277
93.2421
48.9491
22.4994
92.8565
68.6334
78.903
92.4278
42.6993
119.445
62.4576
51.2327
74.9915
102.835
52.7672
24.1247
32.4908
45.8333
17.4995
73.4346
119.784
72.6256
117.837
67.4882
77.4602
74.4451
87.5949
110.121
28.8805
151.424
53.8965
12.9351
60.7116
68.159
101.262
65.1172
78.7492
172.835
86.7172
32.7888
59.3032
109.56
49.4136
41.9952
30.0128
37.9012
39.0637
144.563
116.592
100.786
94.5412
66.9552
89.2619
131.426
132.957
116.738
117.808
16.0444
98.9618
53.2546
63.5029
18.6078
78.9116
173.302
134.596
148.292
24.4666
107.502
36.1751
51.6406
72.2042
108.443
29.9896
121.198
63.3431
103.955
109.324
44.0273
16.901
53.346
60.9194
30.944
32.4225
27.5853
130.146
186.621
78.0305
100.251
52.4891
128.426
189.136
71.3361
85.9963
99.37
131.358
46.1394
103.117
77.3453
74.6129
72.4033
130.506
62.0123
61.0827
46.3373
83.8306
124.009
75.3384
133.296
95.8981
94.3423
117.879
24.6503
30.411
154.863
96.2632
104.17
111.094
66.3798
83.661
32.4193
115.492
15.215
45.4464
17.348
15.7995
63.9362
86.1031
56.3165
96.2777
17.2229
25.2902
53.5232
33.4956
132.799
57.9835
105.95
42.602
65.521
89.19
111.006
162.551
74.4094
49.0458
46.6341
161.959
87.1602
37.7288
11.209
138.79
21.6147
60.0425
70.8995
78.3688
44.2272
103.04
103.657
75.5038
61.4939
92.4605
17.1883
74.7965
96.7195
64.5376
89.7641
72.9948
89.7228
43.5359
106.79
109.105
76.5118
159.315
42.2286
44.313
86.5326
87.0482
83.1749
30.6255
34.4366
36.9425
101.144
125.947
83.6979
46.9286
60.3161
28.6122
54.1943
105.371
57.3925
154.516
109.932
70.5995
94.6708
102.343
37.6393
91.8212
68.9637
70.9502
75.3761
115.698
87.0386
47.9278
92.6219
17.078
129.295
89.779
7.44001
26.4104
51.3212
118.816
92.8618
42.5344
34.004
132.899
30.3511
33.3278
163.062
76.6889
82.8917
53.7578
110.179
148.729
24.4389
104.128
23.8753
97.4061
40.4675
119.486
44.4523
112.045
32.9091
43.3964
69.8033
25.8843
43.9831
81.4039
25.2702
33.0019
88.8383
70.2955
16.5548
37.9765
42.8145
96.3454
33.8843
82.2892
145.049
107.25
152.157
97.242
88.863
32.0115
69.0826
38.2117
71.8957
67.331
62.1677
157
139.812
50.8401
30.433
105.862
71.2819
72.3576
69.7537
91.762
76.1227
19.9978
19.9978
76.1227
91.762
69.7537
72.3576
71.2819
105.862
30.433
50.8401
139.812
157
62.1677
67.331
71.8957
38.2117
69.0826
32.0115
88.863
97.242
152.157
107.25
145.049
82.2892
33.8843
96.3454
42.8145
37.9765
16.5548
70.2955
88.8383
33.0019
25.2702
81.4039
43.9831
25.8843
69.8033
43.3964
32.9091
112.045
44.4523
119.486
40.4675
97.4061
23.8753
104.128
24.4389
148.729
110.179
53.7578
82.8917
76.6889
163.062
33.3278
30.3511
132.899
34.004
42.5344
92.8618
118.816
51.3212
26.4104
7.44001
89.779
129.295
17.078
92.6219
47.9278
87.0386
115.698
75.3761
70.9502
68.9637
91.8212
37.6393
102.343
94.6708
70.5995
109.932
154.516
57.3925
105.371
54.1943
28.6122
60.3161
46.9286
83.6979
125.947
101.144
36.9425
34.4366
30.6255
83.1749
87.0482
86.5326
44.313
42.2286
159.315
76.5118
109.105
106.79
43.5359
89.7228
72.9948
89.7641
64.5376
96.7195
74.7965
17.1883
92.4605
61.4939
75.5038
103.657
103.04
44.2272
78.3688
70.8995
60.0425
21.6147
138.79
11.209
37.7288
87.1602
161.959
46.6341
49.0458
74.4094
162.551
111.006
89.19
65.521
42.602
105.95
57.9835
132.799
33.4956
53.5232
25.2902
17.2229
96.2777
56.3165
86.1031
63.9362
15.7995
17.348
45.4464
15.215
115.492
32.4193
83.661
66.3798
111.094
104.17
96.2632
154.863
30.411
24.6503
117.879
94.3423
95.8981
133.296
75.3384
124.009
83.8306
46.3373
61.0827
62.0123
130.506
72.4033
74.6129
77.3453
103.117
46.1394
131.358
99.37
85.9963
71.3361
189.136
128.426
52.4891
100.251
78.0305
186.621
130.146
27.5853
32.4225
30.944
60.9194
53.346
16.901
44.0273
109.324
103.955
63.3431
121.198
29.9896
108.443
72.2042
51.6406
36.1751
107.502
24.4666
148.292
134.596
173.302
78.9116
18.6078
63.5029
53.2546
98.9618
16.0444
117.808
116.738
132.957
131.426
89.2619
66.9552
94.5412
100.786
116.592
144.563
39.0637
37.9012
30.0128
41.9952
49.4136
109.56
59.3032
32.7888
86.7172
172.835
78.7492
65.1172
101.262
68.159
60.7116
12.9351
53.8965
151.424
28.8805
110.121
87.5949
74.4451
77.4602
67.4882
117.837
72.6256
119.784
73.4346
17.4995
45.8333
32.4908
24.1247
52.7672
102.835
74.9915
51.2327
62.4576
119.445
42.6993
92.4278
78.903
68.6334
92.8565
22.4994
48.9491
93.2421
90.1277
84.494
52.9435
189.399
40.2939
111.001
61.0355
63.888
73.7292
95.7653
34.8218
39.563
48.2514
186.951
39.9576
103.664
120.02
79.0773
71.1269
119.802
99.0204
99.6553
109.446
149.621
159.14
141.296
57.0392
18.1564
53.5708
53.1871
64.6486
39.2511
35.0211
115.023
111.496
100.313
151.066
47.6257
125.82
38.987
104.142
47.7017
81.1392
45.0821
66.4383
100.796
58.5038
60.2219
82.334
73.3627
121.772
31.2434
60.3687
119.565
127.197
22.1256
85.5048
53.2822
203.217
69.8061
17.3164
140.401
40.6898
18.7754
105.224
44.9742
92.7657
30.2782
93.335
73.9352
107.28
21.5666
52.5217
18.5525
76.5283
39.7953
141.259
92.039
73.2524
102.43
168.368
64.0224
130.843
124.283
43.9409
173.45
100.575
112.519
60.3872
17.0683
137.32
78.6952
22.7114
18.6176
94.3162
97.3557
66.4627
145.025
82.8453
22.0928
43.6279
14.6568
126.637
55.3769
157.561
56.2452
124.373
132.732
67.4341
39.1737
50.2565
22.9343
78.3217
96.597
73.1205
86.3472
73.4105
124.188
41.5766
37.1963
111.31
91.7689
49.7115
154.535
177.7
70.7144
47.7995
188.232
41.8713
169.747
53.903
121.321
65.4863
56.7772
96.7099
65.3291
83.8066
16.1844
152.197
19.1166
33.7925
175.605
72.3879
114.88
162.752
47.1086
101.9
61.1349
71.9629
38.4791
54.2063
92.2265
55.5411
149.858
43.2042
71.3708
20.7388
131.799
91.2782
162.108
47.5165
52.511
139.485
121.437
57.1551
94.643
90.4494
162.179
124.152
100.503
28.1549
163.198
172.849
91.0253
118.554
80.347
64.8361
54.3851
144.367
76.8057
55.1008
68.4291
111.615
67.5816
43.539
37.2608
37.9409
114.803
33.6827
91.8037
81.8214
27.8246
126.596
24.1709
111.894
89.9697
31.9673
121.36
122.014
84.3133
53.0229
55.5724
13.4121
92.0274
2.28822
56.5018
25.0916
141.899
66.0836
163.846
37.3559
116.997
81.2172
103.207
36.2103
110.497
117.059
94.467
24.3104
91.3006
55.9461
67.9893
74.8288
116.767
113.713
61.8555
22.991
56.2493
96.3856
141.245
59.0693
63.4141
51.0901
137.299
117.362
16.2192
157.34
146.36
40.3645
26.7058
97.7253
32.4775
191.558
144.032
122.557
62.8397
52.8132
132.321
95.3903
78.8619
43.7032
98.2885
75.2091
47.6303
105.327
119.572
119.897
124.621
25.1338
80.7602
170.117
104.691
66.6301
40.5893
158.519
129.821
82.4523
38.6353
102.091
59.3872
29.6967
41.053
63.5426
75.9971
88.3876
87.5002
137.003
148.841
71.0927
111.294
87.6484
132.988
44.9724
48.4619
36.3857
53.3079
191.86
115.285
8.96836
65.0806
136.466
65.7379
123.829
69.5789
21.6451
23.8115
155.446
88.6801
99.3707
200.917
34.5396
74.9992
114.261
151.189
100.3
88.7944
54.872
121.218
120.259
51.4129
83.5166
55.1894
88.289
84.1313
139.328
110.922
85.0741
80.0568
96.3848
87.4678
139.311
92.9799
128.378
166.638
44.8245
38.0709
79.4533
59.1335
229.484
83.1111
26.914
101.963
151.158
226.824
76.655
51.4081
109.172
72.6435
104.561
54.4174
157.566
74.1763
57.2448
18.3492
80.0777
98.2414
82.0936
35.9998
59.6123
141.424
106.982
167.403
138.215
171.912
57.4286
32.82
66.816
46.1889
196.314
53.6384
32.5696
50.8791
113.449
177.848
56.98
107.627
134.794
110.661
68.778
82.8264
95.2728
52.0848
42.8671
102.135
77.2199
109.351
208.849
107.619
55.6351
99.8875
38.9525
169.335
216.462
238.568
201.616
63.3323
141.44
132.031
210.19
42.5632
35.2935
98.5382
65.8152
87.8611
13.1474
20.4945
115.443
66.5655
35.8036
106.954
99.2328
66.1476
92.0941
66.2533
143.323
69.5865
152.544
145.246
86.2068
109.092
23.5499
210.61
66.0372
219.334
83.9502
135.927
72.4829
136.73
142.882
48.0008
117.773
118.372
125.549
275.454
86.8776
135.023
49.1808
78.857
171.88
81.5231
41.7005
78.0811
67.9987
44.6895
150.597
74.0436
102.437
156.213
116.798
58.3833
74.997
18.0993
102.675
120.35
134.247
107.867
128.125
126.894
46.5503
43.5817
144.93
44.7554
95.2459
70.4961
72.339
151.759
125.002
71.8149
89.1292
93.9369
119.201
26.9046
64.63
108.555
77.7916
106.98
193.77
85.6681
93.1578
30.2166
62.3016
138.931
44.081
39.5847
64.0015
117.207
139.061
108.142
106.652
87.8766
133.044
206.624
96.8588
44.1132
184.238
196.892
92.3473
164.139
72.8173
50.6816
110.105
67.8004
169.909
120.225
155.706
152.854
160.912
56.4921
126.157
35.0795
90.5863
73.945
155.236
64.0749
104.561
21.9039
190.247
32.4353
115.251
41.8833
180.988
135.737
238.855
261.093
156.252
76.8931
195.392
130.351
265.935
65.3616
70.3455
18.7768
50.1299
22.6387
73.3719
92.8674
41.3634
127.976
207.397
73.7722
87.6057
101.003
80.262
190.053
98.406
119.678
91.0803
111.537
132.044
64.4284
114.366
170.573
95.6097
100.224
97.344
100.746
67.5437
27.154
118.519
100.667
173.469
117.528
55.341
133.297
20.8313
197.792
63.9888
58.7225
49.7276
68.1411
73.6014
213.484
65.2292
131.634
92.2272
62.0277
79.3418
109.894
122.374
80.021
330.542
61.0815
226.524
133.85
146.7
125.582
229.007
99.8699
41.3053
35.5091
138.838
32.2631
171.71
88.2461
160.618
86.764
97.1125
93.6781
126.15
94.0813
204.68
78.7341
77.0049
32.2386
128.785
80.0142
86.1583
76.4048
49.6312
155.021
82.3481
96.6759
221.008
97.4565
74.9932
114.176
97.3598
221.109
150.192
131.228
73.0009
236.862
98.5689
88.7165
174.821
98.0313
206.524
126.452
105.947
84.7561
40.2608
213.263
156.555
110.527
222.174
113.576
117.066
82.4635
177.179
8.77676
247.358
119.874
112.608
168.32
87.1194
114.61
268.727
124.637
68.6408
140.172
135.662
152.57
174.782
104.466
165.533
193.661
180.926
103.143
125.779
41.6059
41.6126
141.388
79.3945
29.7425
82.5407
140.308
43.5677
89.3352
97.4264
41.0127
85.0814
85.819
78.8702
111.947
200.193
71.9469
34.7574
74.5615
62.9807
110.185
122.493
83.1735
37.7795
72.8298
182.372
138.985
153.22
246.148
77.5191
90.3164
186.164
242.708
150.824
106.139
25.5169
162.05
174.377
123.662
51.0995
122.318
108.453
127.609
228.244
127.978
64.7163
280.203
138.279
219.389
169.216
18.7509
155.221
221.175
280.73
157.088
196.713
224.996
43.0471
145.801
118.649
45.1417
191.806
93.766
147.552
423.813
179.564
135.095
219.928
94.0092
193.459
60.3689
110.571
78.2048
107.035
84.71
113.063
154.212
210.053
58.4431
249.402
200.338
241.773
94.7745
108.726
166.223
51.1069
251.116
158.764
96.6044
93.494
123.556
129.71
114.716
141.323
104.052
336.278
214.097
195.476
98.6736
61.3104
114.161
76.7671
141.912
94.3653
249.146
82.4199
202.881
136.16
207.757
118.903
181.015
86.0987
184.043
92.9183
45.2198
26.7459
157.495
138.589
237.472
183.011
80.4508
72.9401
172.107
86.9582
143.209
66.3589
136.962
83.4731
97.8253
197.648
115.912
47.2736
137.244
143.961
90.9479
25.4216
124.019
156.878
221.285
224.18
152.257
134.492
225.052
83.881
177.534
11.6876
163.954
24.4999
171.764
32.5722
57.5036
123.585
133.303
47.2864
157.505
52.3555
239.774
117.47
60.3302
238.417
86.0428
153.386
421.996
356.894
316.411
127.806
18.3003
68.9678
126.382
154.763
189.936
102.083
148.049
114.492
31.0533
154.052
140.819
61.9946
148.829
70.6973
135.694
88.2636
144.196
187.229
212.997
183.089
122.036
147.802
85.1026
157.424
181.712
116.986
226.065
128.696
168.191
75.0706
98.4725
126.846
172.763
43.8558
225.166
80.2619
154.565
96.1838
268.136
82.2716
176.328
165.42
43.1261
307.762
174.13
83.7679
283.133
129.578
112.972
137.326
178.447
62.3552
365.907
127.914
56.2962
103.905
115.454
145.351
323.618
82.0485
91.7696
154.912
110.691
198.926
82.3207
84.6716
121.37
188.659
17.1727
223.174
67.9819
165.687
184.725
113.479
240.566
132.517
58.2088
105.926
237.958
170.017
379.542
157.104
225.375
132.215
137.319
124.055
100.608
118.62
145.507
304.179
52.4029
146.468
181.878
215.716
171.455
203.107
211.407
365.898
275.431
36.4938
160.747
10.0237
77.6568
80.8716
133.959
101.531
234.631
87.8857
227.277
132.512
210.551
23.6811
238.857
68.9724
136.585
171.958
202.153
243.537
156.349
197.764
117.998
87.4874
21.408
37.3178
20.7622
229.413
235.757
122.302
210.115
114.526
140.374
108.994
112.87
79.486
237.98
87.8495
237.066
246.764
22.2566
218.495
68.6638
142.624
185.819
71.1977
191.549
279.918
182.378
225.563
294.651
133.024
97.1064
196.211
1.73627
58.7802
101.598
106.854
156.02
162.111
251.375
252.409
257.186
137.845
65.6193
48.9795
164.319
86.782
156.501
309.035
257.245
118.766
247.475
88.7623
160.847
132.921
163.37
156.637
116.936
188.474
206.989
134.778
245.883
212.241
175.572
178.542
397.944
246.2
179.395
88.6769
48.6341
64.5459
153.714
186.605
261.51
344.97
145.521
248.696
281.818
79.131
150.454
168.683
189.214
282.023
428.32
131.641
84.2128
160.056
275.831
323.078
201.452
183.252
202.115
280.282
288.421
144.791
298.304
211.657
200.383
138.216
205.346
143.882
160.599
156.486
187.909
262.965
95.2257
54.0926
264.68
223.668
145.483
226.345
194.479
193.328
180.382
152.664
442.651
106.355
220.359
106.795
144.242
91.0418
308.817
157.78
92.2326
305.868
164.874
118.853
141.507
241.26
87.1737
42.0232
47.2277
293.676
141.114
229.663
200.958
239.439
248.931
282.683
177.461
148.231
128.207
116.277
144.752
336.46
191.781
20.1365
302.903
136.886
218.803
292.311
138.478
309.099
46.3842
189.536
47.9611
77.5491
215.197
153.782
158.584
277.354
43.256
73.8138
62.2879
301.814
305.626
126.616
137.325
253.995
209.233
192.608
104.114
87.1229
37.0306
428.328
263.091
113.802
190.331
103.649
190.848
167.888
215.836
163.913
80.1622
188.139
158.908
112.622
284.744
76.8546
108.706
138.67
275.326
116.577
162.119
143.939
130.918
431.739
78.8583
474.236
164.446
97.6285
51.5817
74.9179
88.2087
159.989
303.095
109.835
344.936
376.642
138.56
294.865
242.336
280.486
74.8993
264.765
344.224
35.7312
328.708
195.712
123.44
252.55
139.007
270.285
142.009
90.6704
72.1357
103.35
196.341
132.698
396.408
261.148
114.287
253.622
159.289
264.782
293.438
217.343
134.997
283.056
32.699
244.729
175.483
188.378
216.161
188.894
172.157
157.249
298.507
42.2064
113.658
130.869
208.877
47.4666
165.849
298.076
165.546
111.616
144.148
279.199
188.004
99.5715
44.0291
97.5508
359.652
128.252
39.0027
208.368
337.939
76.2442
168.592
211.116
385.067
364.105
78.0891
125.333
160.061
45.0665
210.984
264.088
148.847
435.831
400.929
208.145
230.303
186.444
314.147
74.7801
343.299
105.478
249.858
175.776
149.772
188.157
132.387
99.2423
136.344
175.066
133.212
196.691
17.7783
214.16
128.489
87.4786
65.6866
77.958
290.761
227.334
140.002
209.718
159.132
81.9576
244.543
234.36
197.897
167.84
32.2356
131.44
228.283
244.927
272.713
126.989
100.864
175.884
307.32
77.1692
29.4777
169.652
340.072
235.646
266.319
138.034
88.1478
171.096
171.329
102.065
228.851
278.669
97.6743
373.986
311.031
80.1152
302.302
119.822
268.939
128.839
183.959
277.864
256.51
186.895
193.466
213.893
208.919
189.901
155.779
125.026
229.102
333.105
279.715
238.154
173.826
165.172
124.356
93.6417
130.3
56.0537
172.864
120.821
174.785
136.098
336.377
220.21
100.217
99.0298
200.252
124.825
157.153
241.89
58.9839
294.17
57.2438
307.709
314.191
299.594
408.274
238.778
387.684
289.213
111.588
96.2389
545.858
124.794
181.858
182.419
332.899
99.6935
74.5593
130.181
164.802
50.3907
126.943
172.459
81.638
260.585
87.5692
173.143
458.808
205.55
54.5243
201.288
145.292
133.66
116.896
192.394
191.681
275.153
242.573
280.519
351.869
145.626
148.226
421.352
129.47
126.361
245.417
524.858
133.674
210.651
50.1127
347.606
103.058
143.281
117.092
358.994
227.155
228.928
264.23
146.494
276.544
49.5875
84.6709
201.47
268.678
340.326
147.22
315.491
260.948
264.937
70.2613
358.516
168.269
187.987
68.4886
301.49
131.139
213.779
251.116
328.324
274.09
238.621
114.433
168.704
150.213
161.696
175.901
235.317
226.648
190.368
279.938
232.204
514.745
127.111
45.8328
283.339
17.2684
45.1944
82.4791
160.4
26.8564
189.555
425.339
259.074
213.825
291.166
360.343
82.2885
220.169
549.198
358.948
401.96
156.469
196.518
193.115
185.907
65.7529
205.808
111.961
155.945
266.717
270.128
174.073
416.334
336.398
258.016
189.095
166.898
403.078
76.0593
404.013
215.838
161.327
539.783
344.771
139.267
227.766
274.63
225.444
221.971
241.422
266.32
92.5485
146.311
349.18
262.767
272.383
573.7
331.822
378.957
197.982
287.86
155.549
326.571
64.618
58.2265
205.997
224.016
250.15
290.668
271.681
339.832
164.072
134.739
264.297
173.917
314.654
320.079
143.387
224.48
42.2403
84.2059
219.333
190.144
105.204
388.706
243.994
105.185
99.0264
82.3268
224.999
255.72
389.247
164.874
348.967
254.145
507.641
256.767
77.8205
109.079
170.637
172.138
160.775
242.344
301.716
342.02
419.749
224.067
98.9156
302.103
389.068
331.58
284.773
56.2418
94.2488
612.15
222.191
111.832
377.433
348.488
356.433
400.323
181.094
347.684
305.635
207.548
416.255
87.8286
234.569
234.487
203.793
200.861
176.616
159.658
319.014
77.4141
52.9727
359.603
1046.14
553.998
56.2282
402.406
326.362
275.961
173.532
346.532
90.2488
686.61
7688.66
376.667
69.4084
456.568
247.848
22.1163
772.908
431.67
245.072
815.818
