22620.3
345.751
321.517
16.0316
863.934
1998.4
3497.32
1126.75
697.945
241.829
470.82
1145.37
361.13
347.937
323.451
345.191
357.527
206.478
254.284
419.35
82.1508
339.214
478.502
130.912
496.404
158.785
152.2
442.073
224.753
190.261
243.487
196.502
221.123
58.343
98.9781
408.034
194.629
199.067
97.316
122.18
17.4306
272.052
61.5544
223.923
226.415
199.801
120.782
212.063
118.789
278.28
140.044
129.59
128.081
182.993
110.044
202.131
208.029
335.253
267.539
178.544
61.8571
100.104
245.623
155.969
299.597
230.656
389.172
221.35
78.2966
174.894
418.779
184.353
160.341
79.3808
160.21
74.2896
50.285
436.033
381.006
91.7354
197.318
108.453
197.731
159.374
66.2793
67.7693
255.513
241.655
182.015
137.887
197.579
162.154
183.492
57.2838
243.083
196.027
206.599
208.964
138.143
186.837
186.789
232.342
273.873
73.843
114.33
51.3906
185.035
99.9624
237.434
61.9667
52.7452
187.15
135.673
133.944
29.4309
313.584
80.8757
206.924
63.3044
130.338
163.892
57.7273
127.9
307.188
172.652
176.653
93.6026
76.9258
93.557
11.2449
187.511
219.651
219.184
110.333
130.628
227.915
166.874
186.928
143.893
222.447
204.938
133.829
72.1945
103.691
213.499
203.497
166.123
113.218
22.7089
67.6606
190.53
95.5201
104.55
190.125
175.693
256.306
297.893
134.612
141.621
198.224
140.157
190.63
171.872
106.822
249.46
80.6343
81.929
162.627
130.479
106.939
131.428
99.3567
240.372
129.943
50.0962
193.522
164.623
138.438
72.5852
219.754
149.878
111.287
199.649
45.8936
220.629
128.922
104.253
75.9385
160.374
196.686
185.685
66.9391
184.181
321.766
239.702
27.5865
65.3606
104.975
292.789
108.14
56.933
165.82
91.0016
251.607
72.049
33.321
34.7836
80.3582
262.93
96.4791
183.116
51.5473
193.055
28.1551
242.492
150.069
121.655
152.786
112.542
197.951
287.121
85.0262
308.882
130.772
80.5776
56.966
102.689
187.129
79.4832
168.603
122.053
129.542
280.17
143.385
240.046
250.649
145.928
78.0789
79.9083
99.2155
297.256
198.299
49.7277
22.9105
224.648
68.7703
141.52
82.9321
29.4921
195.639
107.529
103.885
89.593
298.889
84.9816
20.4778
257.546
47.6957
173.613
229.709
66.0452
187.147
171.585
119.768
24.6978
135.212
280.618
109.25
214.887
71.2991
238.703
13.4938
160.156
181.775
148.393
174.83
27.2257
141.176
121.98
135.866
87.4353
206.235
66.1955
140.678
91.8342
99.814
262.342
72.5447
91.6391
40.432
192.632
165.014
231.174
117.216
100.725
135.603
133.17
78.6122
214.845
211.134
99.3261
350.529
202.065
54.1277
297.762
61.0337
247.453
108.89
265.061
326.06
59.5271
76.5004
51.8946
95.2684
293.091
233.955
167.245
140.444
38.1023
108.832
114.55
87.0509
210.622
194.557
154.368
43.9753
26.1321
114.279
277.848
102.751
66.3435
122.559
46.6006
112.653
87.5888
150.576
80.5288
59.6525
37.0648
103.96
174.278
124.134
141.809
96.3365
53.0198
120.943
113.994
239.281
41.2578
7.62817
56.3952
104.714
228.01
57.0774
86.9512
173.06
54.9188
102.619
116.617
62.7742
40.1964
107.353
118.579
114.372
168.293
29.7507
24.1435
94.8524
187.168
41.7858
48.9008
125.311
198.006
171.569
85.985
108.697
196.583
163.016
69.818
163.358
37.7145
93.582
105.172
109.272
55.5775
94.0025
88.157
19.2285
181.495
104.135
100.49
88.2289
173.829
173.954
107.284
98.4755
141.575
58.1388
112.795
90.9744
42.4504
148.106
78.3376
74.1639
63.6404
57.1932
79.0059
89.5663
50.4084
39.6773
44.7497
143.968
70.5969
18.9089
79.2257
215.366
20.8454
24.054
189.921
310.776
299.68
74.9021
36.6206
152.667
124.708
42.5793
145.933
111.069
49.0091
16.4945
102.895
199.764
148.538
205.859
113.054
26.6244
97.409
53.9289
147.589
60.5284
66.6271
119.318
107.339
13.61
188.426
48.2614
54.1286
8.94556
89.1166
124.409
157.374
115.53
187.384
117.058
81.3105
50.1334
103.698
282.31
118.584
115.403
121.744
58.0815
182.602
132.434
29.7576
78.2463
211.29
94.2644
150.325
41.5742
86.9508
57.7473
72.098
80.3145
244.082
109.811
36.0367
123.327
51.1348
47.2905
235.675
10.4064
121.832
127.061
93.5877
60.4579
137.119
87.8131
12.7166
71.2753
146.557
120.052
129.437
215.741
45.0346
169.1
88.3246
41.9632
60.9035
108.702
85.4672
38.9855
178.888
118.405
59.6087
69.9991
59.4348
107.601
73.7475
109.823
48.4074
114.183
188.753
51.3513
136.258
92.9096
40.146
41.4022
192.713
85.2189
161.57
175.952
102.491
44.7076
52.6989
156.176
194.422
54.9188
110.139
121.312
136.969
112.661
144.379
133.842
75.8607
112.185
69.345
175.875
85.139
53.2222
47.3829
77.2854
27.3633
83.8209
117.836
55.3008
15.7177
47.8167
113.846
57.6761
31.813
130.083
139.882
52.2316
210.655
145.174
124.627
61.496
58.5522
95.2283
99.3947
56.1165
41.293
113.98
74.0873
94.4974
91.3746
49.1458
43.7166
54.1815
127.997
81.1546
83.9199
127.309
90.9027
33.1709
70.2626
148.687
74.108
101.434
39.5427
54.678
16.2432
19.0639
139.278
142.147
152.57
159.666
149.043
97.5975
10.9947
115.793
103.278
88.7174
27.0457
51.3109
34.5044
58.7306
132.216
39.1809
66.6114
136.344
118.818
92.7372
21.0974
162.323
84.4469
55.9611
126.186
15.9233
34.443
100.729
26.3561
85.2738
57.6414
119.807
72.1283
30.1419
60.5253
63.3391
38.1728
56.9859
101.781
36.1472
28.7174
38.2763
19.2295
39.5871
40.7627
87.2886
101.874
136.983
64.481
32.0222
111.498
58.741
57.3182
161.345
172.375
57.2315
121.196
86.7921
63.6099
142.139
133.168
63.6327
81.6961
103.067
128.403
80.4109
94.6099
37.1596
77.4457
36.8864
52.2941
83.6264
30.1147
157.721
90.7033
78.8341
183.546
64.6713
104.767
105.777
135.71
55.1633
58.0439
44.09
81.063
74.6937
80.07
65.2361
17.4008
70.8412
71.2728
63.8512
71.6579
112.273
83.9711
99.0287
36.0673
38.9075
63.057
15.8972
91.8343
47.6402
80.5076
41.3461
124.273
75.5112
57.0633
68.2898
11.409
90.162
139.836
60.8142
48.5277
82.217
80.0094
74.8166
70.2641
52.6962
86.0704
44.1095
146.724
55.9548
23.646
86.9587
41.1951
91.5816
104.446
40.8005
67.6392
58.9497
109.414
21.4494
60.2198
121.15
56.7957
137.192
56.3446
95.74
33.9042
14.0318
58.6952
25.9917
139.809
39.139
75.0788
119.371
38.8862
130.272
88.6499
54.4918
38.3569
36.2298
118.738
35.2057
107.662
177.69
91.311
105.681
144.71
88.9018
34.0489
14.5913
102.67
12.5495
41.8158
53.7775
47.1313
66.8164
19.3461
14.7173
61.9119
92.8837
40.3479
87.1286
94.2976
43.0975
26.8499
49.1326
45.2514
89.1917
111.316
39.7925
61.8115
77.5294
28.9182
57.7622
62.0492
15.3026
19.6927
90.7553
42.4312
35.6794
39.6421
143.263
141.504
48.817
66.8648
130.131
41.4746
119.482
31.5017
92.6138
107.574
38.4434
76.3563
90.5001
44.1042
24.8877
41.6158
52.3637
51.8791
98.4547
55.8171
92.255
25.9407
39.3235
16.3522
57.3423
136.943
127.002
75.4848
48.1692
37.2011
81.4386
69.7113
71.4877
85.9622
40.0137
61.6712
12.6459
84.1768
46.9212
122.362
32.5973
28.5796
23.7667
83.8127
52.458
79.3519
37.3455
71.2347
41.6793
71.0788
86.6317
80.5589
69.573
92.5724
33.8432
91.6271
81.8465
27.4057
64.9759
71.1786
51.3534
84.9204
59.3046
58.5743
40.0534
136.85
63.4844
61.774
76.8518
49.8907
48.9973
75.93
15.5341
101.734
29.8156
30.8508
124.781
65.4509
62.6897
82.8571
31.6204
26.5778
9.60643
74.4658
166.624
98.8608
94.9293
85.4812
109.29
79.6758
85.0005
14.1093
22.0694
86.9123
71.8251
52.805
82.218
85.2212
67.962
19.8003
61.0674
81.8831
27.4502
35.5031
94.9383
41.858
6.2706
25.1992
43.2301
107.96
60.5854
94.0846
32.6818
45.9238
103.968
32.6072
32.7725
20.4437
125.165
97.0092
97.8814
16.1113
20.6201
28.9155
63.425
79.4541
49.972
43.9053
29.6972
91.3689
62.147
70.0353
40.5491
136.236
101.683
68.9204
21.8064
62.7216
58.8756
60.7979
87.5196
24.5196
16.1398
42.4845
13.6625
168.817
100.481
55.0384
53.7973
31.6286
48.6759
19.5102
25.7952
54.9107
51.3222
58.479
80.6053
112.984
6.16451
31.6604
37.1978
91.8297
47.8764
57.5614
65.3041
37.8904
21.1072
22.9243
62.3801
31.7717
30.2879
51.1704
104.436
61.1028
42.7457
75.1908
48.7623
35.77
77.5075
46.8623
69.4521
27.7531
49.139
37.71
30.6384
11.6868
97.4794
51.2981
34.5953
29.8574
59.6686
44.5076
89.2729
85.5083
65.0633
76.8456
54.0317
42.8676
113.891
30.8317
55.4679
49.2998
58.2974
94.3632
56.7213
15.339
61.9098
95.2902
26.4532
80.6165
79.2634
55.0166
35.8226
11.1054
60.2644
46.8301
22.5293
64.382
69.7203
110.509
77.2267
104.149
91.9669
67.5014
82.3006
45.7317
56.622
39.0503
37.188
38.3649
20.5876
61.6575
20.6278
46.3591
23.428
158.169
110.81
9.63973
10.4509
76.706
30.1771
63.2643
64.017
54.2438
58.1176
74.0532
63.7982
2.1
63.7982
74.0532
58.1176
54.2438
64.017
63.2643
30.1771
76.706
10.4509
9.63973
110.81
158.169
23.428
46.3591
20.6278
61.6575
20.5876
38.3649
37.188
39.0503
56.622
45.7317
82.3006
67.5014
91.9669
104.149
77.2267
110.509
69.7203
64.382
22.5293
46.8301
60.2644
11.1054
35.8226
55.0166
79.2634
80.6165
26.4532
95.2902
61.9098
15.339
56.7213
94.3632
58.2974
49.2998
55.4679
30.8317
113.891
42.8676
54.0317
76.8456
65.0633
85.5083
89.2729
44.5076
59.6686
29.8574
34.5953
51.2981
97.4794
11.6868
30.6384
37.71
49.139
27.7531
69.4521
46.8623
77.5075
35.77
48.7623
75.1908
42.7457
61.1028
104.436
51.1704
30.2879
31.7717
62.3801
22.9243
21.1072
37.8904
65.3041
57.5614
47.8764
91.8297
37.1978
31.6604
6.16451
112.984
80.6053
58.479
51.3222
54.9107
25.7952
19.5102
48.6759
31.6286
53.7973
55.0384
100.481
168.817
13.6625
42.4845
16.1398
24.5196
87.5196
60.7979
58.8756
62.7216
21.8064
68.9204
101.683
136.236
40.5491
70.0353
62.147
91.3689
29.6972
43.9053
49.972
79.4541
63.425
28.9155
20.6201
16.1113
97.8814
97.0092
125.165
20.4437
32.7725
32.6072
103.968
45.9238
32.6818
94.0846
60.5854
107.96
43.2301
25.1992
6.2706
41.858
94.9383
35.5031
27.4502
81.8831
61.0674
19.8003
67.962
85.2212
82.218
52.805
71.8251
86.9123
22.0694
14.1093
85.0005
79.6758
109.29
85.4812
94.9293
98.8608
166.624
74.4658
9.60643
26.5778
31.6204
82.8571
62.6897
65.4509
124.781
30.8508
29.8156
101.734
15.5341
75.93
48.9973
49.8907
76.8518
61.774
63.4844
136.85
40.0534
58.5743
59.3046
84.9204
51.3534
71.1786
64.9759
27.4057
81.8465
91.6271
33.8432
92.5724
69.573
80.5589
86.6317
71.0788
41.6793
71.2347
37.3455
79.3519
52.458
83.8127
23.7667
28.5796
32.5973
122.362
46.9212
84.1768
12.6459
61.6712
40.0137
85.9622
71.4877
69.7113
81.4386
37.2011
48.1692
75.4848
127.002
136.943
57.3423
16.3522
39.3235
25.9407
92.255
55.8171
98.4547
51.8791
52.3637
41.6158
24.8877
44.1042
90.5001
76.3563
38.4434
107.574
92.6138
31.5017
119.482
41.4746
130.131
66.8648
48.817
141.504
143.263
39.6421
35.6794
42.4312
90.7553
19.6927
15.3026
62.0492
57.7622
28.9182
77.5294
61.8115
39.7925
111.316
89.1917
45.2514
49.1326
26.8499
43.0975
94.2976
87.1286
40.3479
92.8837
61.9119
14.7173
19.3461
66.8164
47.1313
53.7775
41.8158
12.5495
102.67
14.5913
34.0489
88.9018
144.71
105.681
91.311
177.69
107.662
35.2057
118.738
36.2298
38.3569
54.4918
88.6499
130.272
38.8862
119.371
75.0788
39.139
139.809
25.9917
58.6952
14.0318
33.9042
95.74
56.3446
137.192
56.7957
121.15
60.2198
21.4494
109.414
58.9497
67.6392
40.8005
104.446
91.5816
41.1951
86.9587
23.646
55.9548
146.724
44.1095
86.0704
52.6962
70.2641
74.8166
80.0094
82.217
48.5277
60.8142
139.836
90.162
11.409
68.2898
57.0633
75.5112
124.273
41.3461
80.5076
47.6402
91.8343
15.8972
63.057
38.9075
36.0673
99.0287
83.9711
112.273
71.6579
63.8512
71.2728
70.8412
17.4008
65.2361
80.07
74.6937
81.063
44.09
58.0439
55.1633
135.71
105.777
104.767
64.6713
183.546
78.8341
90.7033
157.721
30.1147
83.6264
52.2941
36.8864
77.4457
37.1596
94.6099
80.4109
128.403
103.067
81.6961
63.6327
133.168
142.139
63.6099
86.7921
121.196
57.2315
172.375
161.345
57.3182
58.741
111.498
32.0222
64.481
136.983
101.874
87.2886
40.7627
39.5871
19.2295
38.2763
28.7174
36.1472
101.781
56.9859
38.1728
63.3391
60.5253
30.1419
72.1283
119.807
57.6414
85.2738
26.3561
100.729
34.443
15.9233
126.186
55.9611
84.4469
162.323
21.0974
92.7372
118.818
136.344
66.6114
39.1809
132.216
58.7306
34.5044
51.3109
27.0457
88.7174
103.278
115.793
10.9947
97.5975
149.043
159.666
152.57
142.147
139.278
19.0639
16.2432
54.678
39.5427
101.434
74.108
148.687
70.2626
33.1709
90.9027
127.309
83.9199
81.1546
127.997
54.1815
43.7166
49.1458
91.3746
94.4974
74.0873
113.98
41.293
56.1165
99.3947
95.2283
58.5522
61.496
124.627
145.174
210.655
52.2316
139.882
130.083
31.813
57.6761
113.846
47.8167
15.7177
55.3008
117.836
83.8209
27.3633
77.2854
47.3829
53.2222
85.139
175.875
69.345
112.185
75.8607
133.842
144.379
112.661
136.969
121.312
110.139
54.9188
194.422
156.176
52.6989
44.7076
102.491
175.952
161.57
85.2189
192.713
41.4022
40.146
92.9096
136.258
51.3513
188.753
114.183
48.4074
109.823
73.7475
107.601
59.4348
69.9991
59.6087
118.405
178.888
38.9855
85.4672
108.702
60.9035
41.9632
88.3246
169.1
45.0346
215.741
129.437
120.052
146.557
71.2753
12.7166
87.8131
137.119
60.4579
93.5877
127.061
121.832
10.4064
235.675
47.2905
51.1348
123.327
36.0367
109.811
244.082
80.3145
72.098
57.7473
86.9508
41.5742
150.325
94.2644
211.29
78.2463
29.7576
132.434
182.602
58.0815
121.744
115.403
118.584
282.31
103.698
50.1334
81.3105
117.058
187.384
115.53
157.374
124.409
89.1166
8.94556
54.1286
48.2614
188.426
13.61
107.339
119.318
66.6271
60.5284
147.589
53.9289
97.409
26.6244
113.054
205.859
148.538
199.764
102.895
16.4945
49.0091
111.069
145.933
42.5793
124.708
152.667
36.6206
74.9021
299.68
310.776
189.921
24.054
20.8454
215.366
79.2257
18.9089
70.5969
143.968
44.7497
39.6773
50.4084
89.5663
79.0059
57.1932
63.6404
74.1639
78.3376
148.106
42.4504
90.9744
112.795
58.1388
141.575
98.4755
107.284
173.954
173.829
88.2289
100.49
104.135
181.495
19.2285
88.157
94.0025
55.5775
109.272
105.172
93.582
37.7145
163.358
69.818
163.016
196.583
108.697
85.985
171.569
198.006
125.311
48.9008
41.7858
187.168
94.8524
24.1435
29.7507
168.293
114.372
118.579
107.353
40.1964
62.7742
116.617
102.619
54.9188
173.06
86.9512
57.0774
228.01
104.714
56.3952
7.62817
41.2578
239.281
113.994
120.943
53.0198
96.3365
141.809
124.134
174.278
103.96
37.0648
59.6525
80.5288
150.576
87.5888
112.653
46.6006
122.559
66.3435
102.751
277.848
114.279
26.1321
43.9753
154.368
194.557
210.622
87.0509
114.55
108.832
38.1023
140.444
167.245
233.955
293.091
95.2684
51.8946
76.5004
59.5271
326.06
265.061
108.89
247.453
61.0337
297.762
54.1277
202.065
350.529
99.3261
211.134
214.845
78.6122
133.17
135.603
100.725
117.216
231.174
165.014
192.632
40.432
91.6391
72.5447
262.342
99.814
91.8342
140.678
66.1955
206.235
87.4353
135.866
121.98
141.176
27.2257
174.83
148.393
181.775
160.156
13.4938
238.703
71.2991
214.887
109.25
280.618
135.212
24.6978
119.768
171.585
187.147
66.0452
229.709
173.613
47.6957
257.546
20.4778
84.9816
298.889
89.593
103.885
107.529
195.639
29.4921
82.9321
141.52
68.7703
224.648
22.9105
49.7277
198.299
297.256
99.2155
79.9083
78.0789
145.928
250.649
240.046
143.385
280.17
129.542
122.053
168.603
79.4832
187.129
102.689
56.966
80.5776
130.772
308.882
85.0262
287.121
197.951
112.542
152.786
121.655
150.069
242.492
28.1551
193.055
51.5473
183.116
96.4791
262.93
80.3582
34.7836
33.321
72.049
251.607
91.0016
165.82
56.933
108.14
292.789
104.975
65.3606
27.5865
239.702
321.766
184.181
66.9391
185.685
196.686
160.374
75.9385
104.253
128.922
220.629
45.8936
199.649
111.287
149.878
219.754
72.5852
138.438
164.623
193.522
50.0962
129.943
240.372
99.3567
131.428
106.939
130.479
162.627
81.929
80.6343
249.46
106.822
171.872
190.63
140.157
198.224
141.621
134.612
297.893
256.306
175.693
190.125
104.55
95.5201
190.53
67.6606
22.7089
113.218
166.123
203.497
213.499
103.691
72.1945
133.829
204.938
222.447
143.893
186.928
166.874
227.915
130.628
110.333
219.184
219.651
187.511
11.2449
93.557
76.9258
93.6026
176.653
172.652
307.188
127.9
57.7273
163.892
130.338
63.3044
206.924
80.8757
313.584
29.4309
133.944
135.673
187.15
52.7452
61.9667
237.434
99.9624
185.035
51.3906
114.33
73.843
273.873
232.342
186.789
186.837
138.143
208.964
206.599
196.027
243.083
57.2838
183.492
162.154
197.579
137.887
182.015
241.655
255.513
67.7693
66.2793
159.374
197.731
108.453
197.318
91.7354
381.006
436.033
50.285
74.2896
160.21
79.3808
160.341
184.353
418.779
174.894
78.2966
221.35
389.172
230.656
299.597
155.969
245.623
100.104
61.8571
178.544
267.539
335.253
208.029
202.131
110.044
182.993
128.081
129.59
140.044
278.28
118.789
212.063
120.782
199.801
226.415
223.923
61.5544
272.052
17.4306
122.18
97.316
199.067
194.629
408.034
98.9781
58.343
221.123
196.502
243.487
190.261
224.753
442.073
152.2
158.785
496.404
130.912
478.502
339.214
82.1508
419.35
254.284
206.478
357.527
345.191
323.451
347.937
361.13
1145.37
470.82
241.829
697.945
1126.75
3497.32
1998.4
863.934
16.0316
321.517
345.751
